22
20
24
21
19
15
11
21
22
23
16
18
30
19
11
14
21
21
21
13
17
19
22
16
29
20
19
29
17
14
17
17
22
22
20
10
21
24
25
19
14
15
21
15
20
13
18
25
17
17
23
29
18
34
14
14
12
17
19
25
22
24
27
17
17
27
23
23
18
19
18
12
25
24
19
20
20
18
13
20
21
23
13
30
17
25
14
25
18
18
22
21
15
14
15
17
18
17
20
29
16
29
18
17
22
21
19
14
23
22
16
16
19
20
19
21
15
15
20
18
22
17
21
19
28
20
19
23
15
17
13
25
22
21
25
22
20
21
24
18
29
32
20
29
18
19
20
21
17
19
18
26
18
19
29
19
19
16
17
23
20
24
19
26
14
25
18
24
20
17
16
22
20
17
23
28
17
19
18
15
20
17
16
19
24
23
14
20
34
23
20
20
30
23
19
16
18
25
19
14
28
19
18
23
18
26
18
21
14
13
23
21
17
15
19
12
23
19
20
27
27
16
23
18
15
17
24
26
18
20
15
21
27
20
23
22
18
24
23
19
19
26
16
26
20
27
17
18
25
19
10
13
22
13
24
23
24
17
23
27
26
17
23
17
19
27
23
20
15
10
15
24
17
28
18
23
17
17
18
20
15
21
19
26
18
19
17
10
17
10
11
20
16
14
12
22
21
21
24
25
23
25
21
12
24
16
26
21
22
20
26
20
17
25
15
24
19
16
24
14
22
26
23
24
15
14
18
15
19
17
27
18
16
22
11
16
18
22
17
24
17
18
16
18
21
23
23
24
17
24
25
16
16
18
29
16
20
14
26
22
15
14
16
27
23
20
14
21
16
24
27
16
19
20
21
23
21
13
17
32
17
25
16
16
23
20
24
18
22
18
17
24
22
17
20
17
14
20
27
17
19
21
14
18
26
23
24
22
27
24
33
19
10
15
14
26
19
16
24
20
19
31
30
21
22
14
19
20
21
27
23
18
15
14
20
19
18
24
22
18
15
21
14
19
16
18
26
15
17
18
22
15
17
18
15
21
22
23
23
23
18
22
21
22
26
19
20
23
20
19
24
23
27
23
20
21
21
19
23
17
12
21
23
22
22
19
16
17
28
23
19
16
17
19
14
20
21
29
23
28
